000000000000000000000000000000
000000000000000000000000000000
000000000000000000000000000000
000000000000000000000000000000
000000000000000000000000000000
000000000000000000000000000000
000000000000000000000000000000
000000000000000000000000000000
000000000000000000000000000000
000000000000000000000000000000
000000000000000000000000000000
000000000000000000000000000000
000000000000000000000000000000
000000000000000000000000000000
000000000000000000000000000000
000000000000000000000000000000
000000000000000000000000000000
000000000000000000000000000000
000000000000000001111100000000
000000000000000000000011000000
000000000000000000000001100000
000000000011111111000000111000
000000000011111111000000110000
000000000000011100000000110000
000000000000000110000000110000
000000000000000011100000110000
000011000000000001110001110000
000111100000000000111111000000
001100111111000000011111100000
001100000000111111100001111000